MODEL SUMMARY STATISTICS
Statistic	Value
Observations	7,087
Entities	380.0
Time Periods	29.0
R-squared	0.1998
R-squared (Within)	0.1710
R-squared (Between)	0.3421
R-squared (Overall)	0.1998
F-statistic	60.7792
F-statistic p-value	0.000000
Log-likelihood	-1.37e+05
Average Obs per Entity	18.6
Average Obs per Time	244.4

ALL COEFFICIENT ESTIMATES
Variable	Coefficient	Std Error	t-stat	P-value	CI Lower	CI Upper
event_1	1.67e+07	5.34e+06	3.124	0.0018	6.22e+06	2.72e+07
event_2	4.00e+06	8.44e+05	4.735	0.0000	2.34e+06	5.65e+06
event_3	9.61e+05	1.18e+06	0.816	0.4145	-1.35e+06	3.27e+06
event_4	4.22e+05	2.61e+06	0.162	0.8715	-4.69e+06	5.54e+06
event_5	7.65e+06	1.97e+06	3.884	0.0001	3.79e+06	1.15e+07
event_6	1.26e+07	5.47e+06	2.307	0.0211	1.89e+06	2.33e+07
event_7	1.34e+07	3.43e+06	3.900	0.0001	6.66e+06	2.01e+07
event_8	2.33e+07	5.85e+06	3.985	0.0001	1.18e+07	3.48e+07
event_9	1.61e+07	3.63e+06	4.420	0.0000	8.94e+06	2.32e+07
event_10	1.01e+07	2.43e+06	4.166	0.0000	5.35e+06	1.49e+07
event_11	8.54e+06	6.75e+06	1.265	0.2057	-4.69e+06	2.18e+07
event_12	2.73e+07	8.93e+06	3.062	0.0022	9.84e+06	4.48e+07
event_13	3.34e+07	9.26e+06	3.605	0.0003	1.52e+07	5.15e+07
event_14	4.48e+07	1.29e+07	3.468	0.0005	1.95e+07	7.02e+07
event_15	4.72e+07	1.12e+07	4.213	0.0000	2.52e+07	6.92e+07
event_16	1.87e+07	6.40e+06	2.925	0.0035	6.17e+06	3.13e+07
event_17	1.56e+07	4.27e+06	3.656	0.0003	7.24e+06	2.40e+07
event_18	2.35e+07	6.12e+06	3.839	0.0001	1.15e+07	3.55e+07
event_19	4.04e+07	1.14e+07	3.558	0.0004	1.82e+07	6.27e+07
event_20	6.77e+07	1.07e+07	6.357	0.0000	4.68e+07	8.86e+07
event_21	5.20e+07	1.17e+07	4.432	0.0000	2.90e+07	7.50e+07
event_22	1.43e+07	3.76e+06	3.804	0.0001	6.93e+06	2.17e+07
event_23	4.30e+07	1.86e+07	2.304	0.0212	6.41e+06	7.95e+07
event_24	5.70e+07	1.57e+07	3.637	0.0003	2.63e+07	8.77e+07
event_25	1.84e+07	9.34e+06	1.964	0.0496	3.50e+04	3.67e+07
event_26	2.02e+07	7.21e+06	2.802	0.0051	6.06e+06	3.43e+07
event_27	1.58e+07	7.60e+06	2.074	0.0381	8.63e+05	3.06e+07
event_28	3.73e+06	5.74e+06	0.650	0.5158	-7.52e+06	1.50e+07
d_capacity_mw_x	3.84e+05	6.73e+04	5.705	0.0000	2.52e+05	5.16e+05

EVENT STUDY COEFFICIENTS (MILLIONS)
Year	Event_t	Coefficient ($M)	Std Error ($M)	t-stat	P-value	CI Lower ($M)	CI Upper ($M)
1996	1	16.7	5.3	3.124	0.0018	6.2	27.2
1997	2	4.0	0.8	4.735	0.0000	2.3	5.7
1998	3	1.0	1.2	0.816	0.4145	-1.3	3.3
1999	4	0.4	2.6	0.162	0.8715	-4.7	5.5
2000	5	7.7	2.0	3.884	0.0001	3.8	11.5
2001	6	12.6	5.5	2.307	0.0211	1.9	23.3
2002	7	13.4	3.4	3.900	0.0001	6.7	20.1
2003	8	23.3	5.9	3.985	0.0001	11.8	34.8
2004	9	16.1	3.6	4.420	0.0000	8.9	23.2
2005	10	10.1	2.4	4.166	0.0000	5.4	14.9
2006	11	8.5	6.7	1.265	0.2057	-4.7	21.8
2007	12	27.3	8.9	3.062	0.0022	9.8	44.8
2008	13	33.4	9.3	3.605	0.0003	15.2	51.5
2009	14	44.8	12.9	3.468	0.0005	19.5	70.2
2010	15	47.2	11.2	4.213	0.0000	25.2	69.2
2011	16	18.7	6.4	2.925	0.0035	6.2	31.3
2012	17	15.6	4.3	3.656	0.0003	7.2	24.0
2013	18	23.5	6.1	3.839	0.0001	11.5	35.5
2014	19	40.4	11.4	3.558	0.0004	18.2	62.7
2015	20	67.7	10.7	6.357	0.0000	46.8	88.6
2016	21	52.0	11.7	4.432	0.0000	29.0	75.0
2017	22	14.3	3.8	3.804	0.0001	6.9	21.7
2018	23	43.0	18.6	2.304	0.0212	6.4	79.5
2019	24	57.0	15.7	3.637	0.0003	26.3	87.7
2020	25	18.4	9.3	1.964	0.0496	0.0	36.7
2021	26	20.2	7.2	2.802	0.0051	6.1	34.3
2022	27	15.8	7.6	2.074	0.0381	0.9	30.6
2023	28	3.7	5.7	0.650	0.5158	-7.5	15.0
