MODEL SUMMARY STATISTICS
Statistic	Value
Observations	7,668
Entities	405.0
Time Periods	29.0
R-squared	0.0765
R-squared (Within)	0.0565
R-squared (Between)	0.2221
R-squared (Overall)	0.0765
F-statistic	21.8342
F-statistic p-value	0.000000
Log-likelihood	-1.51e+05
Average Obs per Entity	18.9
Average Obs per Time	264.4

ALL COEFFICIENT ESTIMATES
Variable	Coefficient	Std Error	t-stat	P-value	CI Lower	CI Upper
event_1	1.50e+07	4.54e+06	3.303	0.0010	6.10e+06	2.39e+07
event_2	4.00e+06	8.44e+05	4.736	0.0000	2.34e+06	5.65e+06
event_3	1.07e+06	1.16e+06	0.921	0.3572	-1.21e+06	3.35e+06
event_4	1.12e+06	2.50e+06	0.448	0.6541	-3.78e+06	6.02e+06
event_5	7.65e+06	1.97e+06	3.885	0.0001	3.79e+06	1.15e+07
event_6	1.30e+07	5.00e+06	2.611	0.0090	3.25e+06	2.28e+07
event_7	1.32e+07	3.28e+06	4.026	0.0001	6.77e+06	1.96e+07
event_8	2.08e+07	5.15e+06	4.034	0.0001	1.07e+07	3.09e+07
event_9	1.59e+07	3.59e+06	4.441	0.0000	8.91e+06	2.30e+07
event_10	1.03e+07	2.39e+06	4.327	0.0000	5.66e+06	1.50e+07
event_11	8.55e+06	6.75e+06	1.267	0.2051	-4.68e+06	2.18e+07
event_12	2.86e+07	9.04e+06	3.169	0.0015	1.09e+07	4.64e+07
event_13	3.39e+07	9.26e+06	3.658	0.0003	1.57e+07	5.20e+07
event_14	4.47e+07	1.29e+07	3.474	0.0005	1.95e+07	7.00e+07
event_15	4.76e+07	1.13e+07	4.217	0.0000	2.55e+07	6.98e+07
event_16	1.90e+07	6.31e+06	3.008	0.0026	6.61e+06	3.14e+07
event_17	1.51e+07	4.32e+06	3.499	0.0005	6.65e+06	2.36e+07
event_18	2.59e+07	8.17e+06	3.163	0.0016	9.83e+06	4.19e+07
event_19	4.35e+07	1.08e+07	4.013	0.0001	2.22e+07	6.47e+07
event_20	6.68e+07	1.06e+07	6.304	0.0000	4.60e+07	8.76e+07
event_21	5.18e+07	1.17e+07	4.412	0.0000	2.88e+07	7.48e+07
event_22	1.31e+07	4.06e+06	3.229	0.0012	5.15e+06	2.11e+07
event_23	4.28e+07	1.86e+07	2.295	0.0217	6.24e+06	7.93e+07
event_24	5.64e+07	1.56e+07	3.613	0.0003	2.58e+07	8.70e+07
event_25	1.83e+07	9.70e+06	1.886	0.0594	-7.23e+05	3.73e+07
event_26	1.69e+07	7.66e+06	2.206	0.0274	1.88e+06	3.19e+07
event_27	1.57e+07	7.59e+06	2.072	0.0383	8.49e+05	3.06e+07
event_28	2.97e+06	6.15e+06	0.482	0.6297	-9.09e+06	1.50e+07
d_capacity_mw_x	2.50e+05	7.75e+04	3.225	0.0013	9.80e+04	4.02e+05

EVENT STUDY COEFFICIENTS (MILLIONS)
Year	Event_t	Coefficient ($M)	Std Error ($M)	t-stat	P-value	CI Lower ($M)	CI Upper ($M)
1996	1	15.0	4.5	3.303	0.0010	6.1	23.9
1997	2	4.0	0.8	4.736	0.0000	2.3	5.7
1998	3	1.1	1.2	0.921	0.3572	-1.2	3.4
1999	4	1.1	2.5	0.448	0.6541	-3.8	6.0
2000	5	7.7	2.0	3.885	0.0001	3.8	11.5
2001	6	13.0	5.0	2.611	0.0090	3.3	22.8
2002	7	13.2	3.3	4.026	0.0001	6.8	19.6
2003	8	20.8	5.2	4.034	0.0001	10.7	30.9
2004	9	15.9	3.6	4.441	0.0000	8.9	23.0
2005	10	10.3	2.4	4.327	0.0000	5.7	15.0
2006	11	8.6	6.7	1.267	0.2051	-4.7	21.8
2007	12	28.6	9.0	3.169	0.0015	10.9	46.4
2008	13	33.9	9.3	3.658	0.0003	15.7	52.0
2009	14	44.7	12.9	3.474	0.0005	19.5	70.0
2010	15	47.6	11.3	4.217	0.0000	25.5	69.8
2011	16	19.0	6.3	3.008	0.0026	6.6	31.4
2012	17	15.1	4.3	3.499	0.0005	6.6	23.6
2013	18	25.9	8.2	3.163	0.0016	9.8	41.9
2014	19	43.5	10.8	4.013	0.0001	22.2	64.7
2015	20	66.8	10.6	6.304	0.0000	46.0	87.6
2016	21	51.8	11.7	4.412	0.0000	28.8	74.8
2017	22	13.1	4.1	3.229	0.0012	5.2	21.1
2018	23	42.8	18.6	2.295	0.0217	6.2	79.3
2019	24	56.4	15.6	3.613	0.0003	25.8	87.0
2020	25	18.3	9.7	1.886	0.0594	-0.7	37.3
2021	26	16.9	7.7	2.206	0.0274	1.9	31.9
2022	27	15.7	7.6	2.072	0.0383	0.8	30.6
2023	28	3.0	6.1	0.482	0.6297	-9.1	15.0
