MODEL SUMMARY STATISTICS
Statistic	Value
Observations	3,422
Entities	164.0
Time Periods	29.0
R-squared	0.0585
R-squared (Within)	0.0354
R-squared (Between)	0.2242
R-squared (Overall)	0.0585
F-statistic	7.2634
F-statistic p-value	0.000000
Log-likelihood	-6.86e+04
Average Obs per Entity	20.9
Average Obs per Time	118.0

ALL COEFFICIENT ESTIMATES
Variable	Coefficient	Std Error	t-stat	P-value	CI Lower	CI Upper
event_1	1.40e+07	4.22e+06	3.323	0.0009	5.75e+06	2.23e+07
event_2	4.00e+06	8.46e+05	4.724	0.0000	2.34e+06	5.66e+06
event_3	1.13e+06	1.16e+06	0.977	0.3286	-1.14e+06	3.41e+06
event_4	1.52e+06	2.47e+06	0.617	0.5371	-3.31e+06	6.36e+06
event_5	7.65e+06	1.97e+06	3.876	0.0001	3.78e+06	1.15e+07
event_6	1.33e+07	4.88e+06	2.725	0.0065	3.73e+06	2.29e+07
event_7	1.31e+07	3.23e+06	4.050	0.0001	6.75e+06	1.94e+07
event_8	1.93e+07	4.85e+06	3.989	0.0001	9.83e+06	2.88e+07
event_9	1.59e+07	3.58e+06	4.438	0.0000	8.87e+06	2.29e+07
event_10	1.05e+07	2.39e+06	4.394	0.0000	5.81e+06	1.52e+07
event_11	8.56e+06	6.76e+06	1.265	0.2059	-4.70e+06	2.18e+07
event_12	2.94e+07	9.20e+06	3.195	0.0014	1.14e+07	4.74e+07
event_13	3.42e+07	9.29e+06	3.678	0.0002	1.59e+07	5.24e+07
event_14	4.47e+07	1.29e+07	3.467	0.0005	1.94e+07	6.99e+07
event_15	4.79e+07	1.14e+07	4.207	0.0000	2.56e+07	7.02e+07
event_16	1.91e+07	6.30e+06	3.037	0.0024	6.79e+06	3.15e+07
event_17	1.48e+07	4.37e+06	3.390	0.0007	6.24e+06	2.34e+07
event_18	2.72e+07	9.00e+06	3.025	0.0025	9.58e+06	4.49e+07
event_19	4.52e+07	1.06e+07	4.277	0.0000	2.45e+07	6.60e+07
event_20	6.63e+07	1.06e+07	6.238	0.0000	4.55e+07	8.71e+07
event_21	5.16e+07	1.18e+07	4.369	0.0000	2.85e+07	7.48e+07
event_22	1.24e+07	4.33e+06	2.872	0.0041	3.94e+06	2.09e+07
event_23	4.27e+07	1.87e+07	2.284	0.0224	6.05e+06	7.93e+07
event_24	5.61e+07	1.56e+07	3.586	0.0003	2.54e+07	8.68e+07
event_25	1.83e+07	9.96e+06	1.833	0.0668	-1.27e+06	3.78e+07
event_26	1.50e+07	8.15e+06	1.843	0.0653	-9.54e+05	3.10e+07
event_27	1.57e+07	7.61e+06	2.066	0.0389	8.00e+05	3.07e+07
event_28	2.52e+06	6.43e+06	0.392	0.6948	-1.01e+07	1.51e+07
d_capacity_mw_x	1.73e+05	8.64e+04	1.997	0.0459	3.16e+03	3.42e+05

EVENT STUDY COEFFICIENTS (MILLIONS)
Year	Event_t	Coefficient ($M)	Std Error ($M)	t-stat	P-value	CI Lower ($M)	CI Upper ($M)
1996	1	14.0	4.2	3.323	0.0009	5.7	22.3
1997	2	4.0	0.8	4.724	0.0000	2.3	5.7
1998	3	1.1	1.2	0.977	0.3286	-1.1	3.4
1999	4	1.5	2.5	0.617	0.5371	-3.3	6.4
2000	5	7.7	2.0	3.876	0.0001	3.8	11.5
2001	6	13.3	4.9	2.725	0.0065	3.7	22.9
2002	7	13.1	3.2	4.050	0.0001	6.7	19.4
2003	8	19.3	4.8	3.989	0.0001	9.8	28.8
2004	9	15.9	3.6	4.438	0.0000	8.9	22.9
2005	10	10.5	2.4	4.394	0.0000	5.8	15.2
2006	11	8.6	6.8	1.265	0.2059	-4.7	21.8
2007	12	29.4	9.2	3.195	0.0014	11.4	47.4
2008	13	34.2	9.3	3.678	0.0002	15.9	52.4
2009	14	44.7	12.9	3.467	0.0005	19.4	69.9
2010	15	47.9	11.4	4.207	0.0000	25.6	70.2
2011	16	19.1	6.3	3.037	0.0024	6.8	31.5
2012	17	14.8	4.4	3.390	0.0007	6.2	23.4
2013	18	27.2	9.0	3.025	0.0025	9.6	44.9
2014	19	45.2	10.6	4.277	0.0000	24.5	66.0
2015	20	66.3	10.6	6.238	0.0000	45.5	87.1
2016	21	51.6	11.8	4.369	0.0000	28.5	74.8
2017	22	12.4	4.3	2.872	0.0041	3.9	20.9
2018	23	42.7	18.7	2.284	0.0224	6.1	79.3
2019	24	56.1	15.6	3.586	0.0003	25.4	86.8
2020	25	18.3	10.0	1.833	0.0668	-1.3	37.8
2021	26	15.0	8.1	1.843	0.0653	-1.0	31.0
2022	27	15.7	7.6	2.066	0.0389	0.8	30.7
2023	28	2.5	6.4	0.392	0.6948	-10.1	15.1
